1424810006
8702003737
2086681527
1213212244
2080900499
7585706848
1827303722
2083466000
7970263553
2083028637
1932703152
3539238888
1170830232
1217114700
1483813838
1732321661
2920594640
1634281001
1535272728
113231000
1943871333
1353721122
1353721122
1823339878
1142353575
1244571881
1483829383
7971780015
1704840948
1217434966
1482371888
7974398289
1142889911
1634815211
2920695120
1614288482
1516006000
1924495063
1646651327
1342836000
1519330023
1342836000
1213081447
7801832230
8458725657
1623721395
1795431177
1480831010
7745750600
1516006000
1159633909
2089596464
7786255022
7768395861
1980846127
7824512678
1702619698
7835225277
1384245100
7802698589
7880685021
1417718888
1482899518
1922458428
1935420162
2085205020
1851701675
868072264
2086691112
7977460373
7800588468
2085024540
1264387370
1472751817
7966465760
1776702340
1253893649
8452998913
7914228391
7928763963
2087865861
1642769500
1403390039
7506117069
2084677557
7879637166
1179376320
1707393363
8453023100
7791897906
1440714709
7714723715
2085058822
1159870732
7814567056
1236736911
1788544880
2897511574
1555666226
1444450049
1928829621
7986221698
7889125929
1562749500
1534877688
1481252111
7821577794
1795857869
1942897500
1773530899
8004488684
1773606502
1942200995
1452303311
1256844693
7715461535
1512008222
8001217578
1234378882
1604645788
1983883440
1883347829
1253760160
1934814635
1457765267
1767699725
1733325690
1707378670
1332702856
7805594337
1296658060
1908376313
1452855260
1724864399
1603757800
7796020484
1483578887
8451267873
7525462009
1723584023
1536710055
7920147177
7867807324
1902328700
1914155444
1603787383
1603860101
7929463222
1606836312
2082552909
7538882653
1494513880
1159394449
7795554907
1473250195
1420476200
1840250331
8009709122
1724846007
1726891490
1622606453
8454508353
8448565030
1892833952
1530612000
1784477707
7947570217
1942236475
2085771104
1225341087
1252529091
1564702088
1420564303
1420564303
1480861111
7525754512
1424812263
1983740049
1489564691
1342870278
7841198223
7715580967
8000787257
2920362244
2084226661
1314442500
2830257040
1992717717
1793848502
7890484747
1708462939
1422327236
7770502526
1303298223
1708738990
1234772115
1475741053
1743365365
1189712083
7887525229
1278733536
1522694455
1727851447
1704892725
1770860246
1480861865
1279876901
1908474149
1270625127
1314406000
1344356900
1452505884
1206241600
7733332481
1942879444
2083097869
1233613461
1233663063
1384394484
1179632530
1613431446
7771771877
1702292949
1978366317
1323849955
1216935939
1323449866
7931586100
1702428899
1422649114
1727852488
7970094265
1491413341
2087788668
1189418145
1252844055
1534867171
1635582323
1933411731
2380339141
1414251010
1442261201
1204526844
2086051370
1322380605
1832734308
1536485622
2071832569
1617946711
1316642780
1912640552
2086816791
8455202214
1270761433
1842755195
7455975440
2867721573
1782281505
1416462777
1795424390
7958005671
153679113
7976124484
1483575092
1224737900
2920887222
1296487438
7920510100
8453450245
8453450245
1634324500
7972150410