01424810006
08702003737
02086681527
01213212244
02080900499
07585706848
01827303722
02083466000
07970263553
02083028637
01932703152
03539238888
01170830232
01217114700
01483813838
01732321661
02920594640
01634281001
01535272728
0113231000
01943871333
01353721122
01353721122
01823339878
01142353575
01244571881
01483829383
07971780015
01704840948
01217434966
01482371888
07974398289
01142889911
01634815211
02920695120
01614288482
01516006000
01924495063
01646651327
01342836000
01519330023
01342836000
01213081447
07801832230
08458725657
01623721395
01795431177
01480831010
07745750600
01516006000
01159633909
02089596464
07786255022
07768395861
01980846127
07824512678
01702619698
07835225277
01384245100
07802698589
07880685021
01417718888
01482899518
01922458428
01935420162
02085205020
01851701675
0868072264
02086691112
07977460373
07800588468
02085024540
01264387370
01472751817
07966465760
01776702340
01253893649
08452998913
07914228391
07928763963
02087865861
01642769500
01403390039
07506117069
02084677557
07879637166
01179376320
01707393363
08453023100
07791897906
01440714709
07714723715
02085058822
01159870732
07814567056
01236736911
01788544880
02897511574
01555666226
01444450049
01928829621
07986221698
07889125929
01562749500
01534877688
01481252111
07821577794
01795857869
01942897500
01773530899
08004488684
01773606502
01942200995
01452303311
01256844693
07715461535
01512008222
08001217578
01234378882
01604645788
01983883440
01883347829
01253760160
01934814635
01457765267
01767699725
01733325690
01707378670
01332702856
07805594337
01296658060
01908376313
01452855260
01724864399
01603757800
07796020484
01483578887
08451267873
07525462009
01723584023
01536710055
07920147177
07867807324
01902328700
01914155444
01603787383
01603860101
07929463222
01606836312
02082552909
07538882653
01494513880
01159394449
07795554907
01473250195
01420476200
01840250331
08009709122
01724846007
01726891490
01622606453
08454508353
08448565030
01892833952
01530612000
01784477707
07947570217
01942236475
02085771104
01225341087
01252529091
01564702088
01420564303
01420564303
01480861111
07525754512
01424812263
01983740049
01489564691
01342870278
07841198223
07715580967
08000787257
02920362244
02084226661
01314442500
02830257040
01992717717
01793848502
07890484747
01708462939
01422327236
07770502526
01303298223
01708738990
01234772115
01475741053
01743365365
01189712083
07887525229
01278733536
01522694455
01727851447
01704892725
01770860246
01480861865
01279876901
01908474149
01270625127
01314406000
01344356900
01452505884
01206241600
07733332481
01942879444
02083097869
01233613461
01233663063
01384394484
01179632530
01613431446
07771771877
01702292949
01978366317
01323849955
01216935939
01323449866
07931586100
01702428899
01422649114
01727852488
07970094265
01491413341
02087788668
01189418145
01252844055
01534867171
01635582323
01933411731
02380339141
01414251010
01442261201
01204526844
02086051370
01322380605
01832734308
01536485622
02071832569
01617946711
01316642780
01912640552
02086816791
08455202214
01270761433
01842755195
07455975440
02867721573
01782281505
01416462777
01795424390
07958005671
0153679113
07976124484
01483575092
01224737900
02920887222
01296487438
07920510100
08453450245
08453450245
01634324500
07972150410
